              precision    recall  f1-score   support

   100180860       0.75      0.85      0.80        67
   100192430       0.70      0.91      0.79       136
   100610443       0.91      0.91      0.91        89
   100610883       0.72      0.89      0.79        65
   300000007       0.87      0.90      0.88       115
   300000018       0.81      0.65      0.72        74
   300000034       0.85      0.91      0.88       210
   300000080       0.89      0.77      0.83       198
   300000082       0.92      0.81      0.86        98
   700018215       0.94      0.52      0.67        64

    accuracy                           0.83      1116
   macro avg       0.84      0.81      0.81      1116
weighted avg       0.84      0.83      0.83      1116
